Input Properties for Plotkin Case 
    4    1    3    0    0    0
    0    0    1    
25000.,      0.35,  18.0,  120.,  1.0, 1, 1500, 0.5,
2750.0,      0.4,   108.0, 135.,  1.0, 7, 1.0, 1.0,
2750.0,      0.4,   84.0,  135.,  1.0, 7, 1.0, 1.0,
1000., 0.48,  0.0,   160.,  1.0, 0, 1.0, 1.0,
102.,  22.0, 9.0,
63.0, 1500000.,  257.25, 225., 
6, 59.25, 
8.82,  30000000, 94.9, 90.0,
7000000.0, 
3,
1, 40.0,
4, 40.0,
7, 40.0,
    4    4    4    2    3  
    1    1    1   
0.5, 18.5, 135, 228.5,
4,
36.0, 1.0,
48.0,  1.0,
60.0,  1.0,
72.0,  1.0
